a0:0.26753510575605477
a1:-0.016591574783746343
a2:0.16638369294121266
K=1.8515485562148346
m=-0.016591574783746343
n=0.16638369294121266
