N:6
x2:8.811574935913086
x1:8.811574935913086
y:2.9251151084899902
x1y:2.6525485515594482
x2y:4.723483085632324
x1^2:0.5437144041061401
x2^2:14.48511791229248
x1x2:2.6525485515594482
